-177.0 0.0 0.0 0.0 0.0 0.0 0.0 0.0 0.0 0.0 0.0 0.0 0.0 0.0 0.0 0.0 0.0 0.0 0.0 0.0 0.0 0.0 0.0 0.0 0.0 0.0 0.0 0.0 0.0 0.0 
-177.0 -88.0 -4.0 14.0 -1.0 107.0 0.0 -44.0 -9.0 -14.0 -17.0 -21.0 -79.0 -2.0 34.0 -11.0 21.0 10.0 1.0 3.0 -26.0 0.0 0.0 0.0 0.0 0.0 0.0 0.0 0.0 0.0 
-184.0 0.0 0.0 0.0 0.0 0.0 0.0 0.0 0.0 0.0 0.0 0.0 0.0 0.0 0.0 0.0 0.0 0.0 0.0 0.0 0.0 0.0 0.0 0.0 0.0 0.0 0.0 0.0 0.0 0.0 
-200.0 -38.0 4.0 14.0 -144.0 117.0 -120.0 -7.0 -22.0 46.0 -90.0 24.0 -62.0 1.0 -34.0 -1.0 -3.0 4.0 0.0 2.0 -42.0 0.0 33.0 0.0 0.0 0.0 0.0 0.0 0.0 0.0
-177.0 0.0 0.0 0.0 0.0 0.0 0.0 0.0 0.0 0.0 0.0 0.0 0.0 0.0 0.0 0.0 0.0 0.0 0.0 0.0 0.0 0.0 0.0 0.0 0.0 0.0 0.0 0.0 0.0 0.0 
-177.0 -88.0 -4.0 14.0 -1.0 107.0 0.0 -44.0 -9.0 -14.0 -17.0 -21.0 -79.0 -2.0 34.0 -11.0 21.0 10.0 1.0 3.0 -26.0 0.0 0.0 0.0 0.0 0.0 0.0 0.0 0.0 0.0 
-184.0 0.0 0.0 0.0 0.0 0.0 0.0 0.0 0.0 0.0 0.0 0.0 0.0 0.0 0.0 0.0 0.0 0.0 0.0 0.0 0.0 0.0 0.0 0.0 0.0 0.0 0.0 0.0 0.0 0.0 
-200.0 -38.0 4.0 14.0 -144.0 117.0 -120.0 -7.0 -22.0 46.0 -90.0 24.0 -62.0 1.0 -34.0 -1.0 -3.0 4.0 0.0 2.0 -42.0 0.0 33.0 0.0 0.0 0.0 0.0 0.0 0.0 0.0
-187.0 5.0 27.0 118.0 0.0 0.0 0.0 -62.0 -63.0 -56.0 -37.0 0.0 0.0 0.0 -10.0 0.0 0.0 -1.0 0.0 3.0 -21.0 -1.0 25.0 -20.0 0.0 0.0 0.0 0.0 0.0 0.0
-180.0 0.0 -9.0 -5.0 -108.0 -72.0 0.0 -5.0 1.0 -12.0 -102.0 5.0 50.0 0.0 35.0 0.0 0.0 7.0 -1.0 2.0 -33.0 5.0 -3.0 21.0 0.0 0.0 0.0 0.0 0.0 0.0
-177.0 -170.0 -52.0 17.0 357.0 -27.0 158.0 0.0 -6.0 59.0 0.0 0.0 0.0 0.0 -5.0 0.0 0.0 0.0 0.0 0.0 0.0 0.0 0.0 0.0 0.0 0.0 0.0 0.0 0.0 0.0
-183.0 5.0 -75.0 79.0 -95.0 23.0 -3.0 -38.0 16.0 -10.0 61.0 -162.0 69.0 -9.0 51.0 0.0 21.0 1.0 5.0 -5.0 4.0 -1.0 -12.0 -3.0 0.0 0.0 0.0 0.0 0.0 0.0
-181.0 -6.0 -39.0 0.0 -10.0 48.0 68.0 35.0 -68.0 46.0 -19.0 -21.0 1.0 0.0 0.0 0.0 0.0 0.0 0.0 0.0 0.0 0.0 0.0 0.0 0.0 0.0 0.0 0.0 0.0 0.0
-188.0 21.0 -68.0 55.0 -77.0 37.0 0.0 0.0 -20.0 52.0 -162.0 0.0 0.0 0.0 0.0 0.0 0.0 0.0 0.0 0.0 0.0 0.0 0.0 0.0 0.0 0.0 0.0 0.0 0.0 0.0
-177.0 -88.0 -4.0 14.0 -1.0 107.0 0.0 -44.0 -9.0 -14.0 -17.0 -21.0 -79.0 -2.0 34.0 -11.0 21.0 10.0 1.0 3.0 -26.0 0.0 0.0 0.0 0.0 0.0 0.0 0.0 0.0 0.0 
-182.0 -177.0 17.0 0.0 0.0 0.0 0.0 0.0 0.0 -23.0 0.0 0.0 0.0 0.0 -45.0 -2.0 0.0 -5.0 -3.0 -5.0 -18.0 0.0 0.0 0.0 0.0 0.0 0.0 0.0 0.0 0.0
-172.0 -5.0 17.0 0.0 0.0 0.0 0.0 -185.0 0.0 -23.0 0.0 0.0 0.0 0.0 24.0 -2.0 1.0 -5.0 -3.0 -7.0 26.0 0.0 0.0 0.0 0.0 0.0 0.0 0.0 0.0 0.0
-182.0 -177.0 17.0 0.0 0.0 0.0 0.0 0.0 0.0 -23.0 0.0 0.0 0.0 0.0 -45.0 -2.0 0.0 -5.0 -3.0 -5.0 -18.0 0.0 0.0 0.0 0.0 0.0 0.0 0.0 0.0 0.0
-172.0 -5.0 17.0 0.0 0.0 0.0 0.0 -185.0 0.0 -23.0 0.0 0.0 0.0 0.0 24.0 -2.0 1.0 -5.0 -3.0 -7.0 26.0 0.0 0.0 0.0 0.0 0.0 0.0 0.0 0.0 0.0
-182.0 -177.0 17.0 0.0 0.0 0.0 0.0 0.0 0.0 -23.0 0.0 0.0 0.0 0.0 -45.0 -2.0 0.0 -5.0 -3.0 -5.0 -18.0 0.0 0.0 0.0 0.0 0.0 0.0 0.0 0.0 0.0
-172.0 -5.0 17.0 0.0 0.0 0.0 0.0 -185.0 0.0 -23.0 0.0 0.0 0.0 0.0 24.0 -2.0 1.0 -5.0 -3.0 -7.0 26.0 0.0 0.0 0.0 0.0 0.0 0.0 0.0 0.0 0.0
-206.0 0.0 -15.0 9.0 -154.0 -55.0 49.0 0.0 -1.0 34.0 -36.0 -80.0 -55.0 0.0 0.0 0.0 1.0 -8.0 -2.0 -43.0 -8.0 -31.0 -7.0 0.0 0.0 0.0 0.0 0.0 0.0 0.0
-181.0 0.0 0.0 0.0 0.0 0.0 0.0 0.0 0.0 0.0 0.0 0.0 0.0 0.0 0.0 0.0 0.0 0.0 0.0 0.0 0.0 0.0 0.0 0.0 0.0 0.0 0.0 0.0 0.0 0.0
-178.0 -10.0 -62.0 23.0 38.0 68.0 452.0 0.0 0.0 21.0 -194.0 -3.0 0.0 -62.0 8.0 22.0 1.0 15.0 8.0 -10.0 10.0 -4.0 5.0 11.0 0.0 0.0 0.0 0.0 0.0 0.0
-206.0 0.0 -15.0 9.0 -154.0 -55.0 49.0 0.0 -1.0 34.0 -36.0 -80.0 -55.0 0.0 0.0 0.0 1.0 -8.0 -2.0 -43.0 -8.0 -31.0 -7.0 0.0 0.0 0.0 0.0 0.0 0.0 0.0
-181.0 0.0 0.0 0.0 0.0 0.0 0.0 0.0 0.0 0.0 0.0 0.0 0.0 0.0 0.0 0.0 0.0 0.0 0.0 0.0 0.0 0.0 0.0 0.0 0.0 0.0 0.0 0.0 0.0 0.0
-178.0 -10.0 -62.0 23.0 38.0 68.0 452.0 0.0 0.0 21.0 -194.0 -3.0 0.0 -62.0 8.0 22.0 1.0 15.0 8.0 -10.0 10.0 -4.0 5.0 11.0 0.0 0.0 0.0 0.0 0.0 0.0
-206.0 0.0 -15.0 9.0 -154.0 -55.0 49.0 0.0 -1.0 34.0 -36.0 -80.0 -55.0 0.0 0.0 0.0 1.0 -8.0 -2.0 -43.0 -8.0 -31.0 -7.0 0.0 0.0 0.0 0.0 0.0 0.0 0.0
-181.0 0.0 0.0 0.0 0.0 0.0 0.0 0.0 0.0 0.0 0.0 0.0 0.0 0.0 0.0 0.0 0.0 0.0 0.0 0.0 0.0 0.0 0.0 0.0 0.0 0.0 0.0 0.0 0.0 0.0
-178.0 -10.0 -62.0 23.0 38.0 68.0 452.0 0.0 0.0 21.0 -194.0 -3.0 0.0 -62.0 8.0 22.0 1.0 15.0 8.0 -10.0 10.0 -4.0 5.0 11.0 0.0 0.0 0.0 0.0 0.0 0.0
-177.0 -88.0 -4.0 14.0 -1.0 107.0 0.0 -44.0 -9.0 -14.0 -17.0 -21.0 -79.0 -2.0 34.0 -11.0 21.0 10.0 1.0 3.0 -26.0 0.0 0.0 0.0 0.0 0.0 0.0 0.0 0.0 0.0 
-184.0 0.0 0.0 0.0 0.0 0.0 0.0 0.0 0.0 0.0 0.0 0.0 0.0 0.0 0.0 0.0 0.0 0.0 0.0 0.0 0.0 0.0 0.0 0.0 0.0 0.0 0.0 0.0 0.0 0.0 
-200.0 -38.0 4.0 14.0 -144.0 117.0 -120.0 -7.0 -22.0 46.0 -90.0 24.0 -62.0 1.0 -34.0 -1.0 -3.0 4.0 0.0 2.0 -42.0 0.0 33.0 0.0 0.0 0.0 0.0 0.0 0.0 0.0
-177.0 0.0 0.0 0.0 0.0 0.0 0.0 0.0 0.0 0.0 0.0 0.0 0.0 0.0 0.0 0.0 0.0 0.0 0.0 0.0 0.0 0.0 0.0 0.0 0.0 0.0 0.0 0.0 0.0 0.0 
-177.0 -88.0 -4.0 14.0 -1.0 107.0 0.0 -44.0 -9.0 -14.0 -17.0 -21.0 -79.0 -2.0 34.0 -11.0 21.0 10.0 1.0 3.0 -26.0 0.0 0.0 0.0 0.0 0.0 0.0 0.0 0.0 0.0 
-184.0 0.0 0.0 0.0 0.0 0.0 0.0 0.0 0.0 0.0 0.0 0.0 0.0 0.0 0.0 0.0 0.0 0.0 0.0 0.0 0.0 0.0 0.0 0.0 0.0 0.0 0.0 0.0 0.0 0.0 
-200.0 -38.0 4.0 14.0 -144.0 117.0 -120.0 -7.0 -22.0 46.0 -90.0 24.0 -62.0 1.0 -34.0 -1.0 -3.0 4.0 0.0 2.0 -42.0 0.0 33.0 0.0 0.0 0.0 0.0 0.0 0.0 0.0
-187.0 5.0 27.0 118.0 0.0 0.0 0.0 -62.0 -63.0 -56.0 -37.0 0.0 0.0 0.0 -10.0 0.0 0.0 -1.0 0.0 3.0 -21.0 -1.0 25.0 -20.0 0.0 0.0 0.0 0.0 0.0 0.0
-180.0 0.0 -9.0 -5.0 -108.0 -72.0 0.0 -5.0 1.0 -12.0 -102.0 5.0 50.0 0.0 35.0 0.0 0.0 7.0 -1.0 2.0 -33.0 5.0 -3.0 21.0 0.0 0.0 0.0 0.0 0.0 0.0
-177.0 -170.0 -52.0 17.0 357.0 -27.0 158.0 0.0 -6.0 59.0 0.0 0.0 0.0 0.0 -5.0 0.0 0.0 0.0 0.0 0.0 0.0 0.0 0.0 0.0 0.0 0.0 0.0 0.0 0.0 0.0
-183.0 5.0 -75.0 79.0 -95.0 23.0 -3.0 -38.0 16.0 -10.0 61.0 -162.0 69.0 -9.0 51.0 0.0 21.0 1.0 5.0 -5.0 4.0 -1.0 -12.0 -3.0 0.0 0.0 0.0 0.0 0.0 0.0
-181.0 -6.0 -39.0 0.0 -10.0 48.0 68.0 35.0 -68.0 46.0 -19.0 -21.0 1.0 0.0 0.0 0.0 0.0 0.0 0.0 0.0 0.0 0.0 0.0 0.0 0.0 0.0 0.0 0.0 0.0 0.0
-188.0 21.0 -68.0 55.0 -77.0 37.0 0.0 0.0 -20.0 52.0 -162.0 0.0 0.0 0.0 0.0 0.0 0.0 0.0 0.0 0.0 0.0 0.0 0.0 0.0 0.0 0.0 0.0 0.0 0.0 0.0
-177.0 -88.0 -4.0 14.0 -1.0 107.0 0.0 -44.0 -9.0 -14.0 -17.0 -21.0 -79.0 -2.0 34.0 -11.0 21.0 10.0 1.0 3.0 -26.0 0.0 0.0 0.0 0.0 0.0 0.0 0.0 0.0 0.0 
-182.0 -177.0 17.0 0.0 0.0 0.0 0.0 0.0 0.0 -23.0 0.0 0.0 0.0 0.0 -45.0 -2.0 0.0 -5.0 -3.0 -5.0 -18.0 0.0 0.0 0.0 0.0 0.0 0.0 0.0 0.0 0.0
-172.0 -5.0 17.0 0.0 0.0 0.0 0.0 -185.0 0.0 -23.0 0.0 0.0 0.0 0.0 24.0 -2.0 1.0 -5.0 -3.0 -7.0 26.0 0.0 0.0 0.0 0.0 0.0 0.0 0.0 0.0 0.0
-182.0 -177.0 17.0 0.0 0.0 0.0 0.0 0.0 0.0 -23.0 0.0 0.0 0.0 0.0 -45.0 -2.0 0.0 -5.0 -3.0 -5.0 -18.0 0.0 0.0 0.0 0.0 0.0 0.0 0.0 0.0 0.0
-172.0 -5.0 17.0 0.0 0.0 0.0 0.0 -185.0 0.0 -23.0 0.0 0.0 0.0 0.0 24.0 -2.0 1.0 -5.0 -3.0 -7.0 26.0 0.0 0.0 0.0 0.0 0.0 0.0 0.0 0.0 0.0
-182.0 -177.0 17.0 0.0 0.0 0.0 0.0 0.0 0.0 -23.0 0.0 0.0 0.0 0.0 -45.0 -2.0 0.0 -5.0 -3.0 -5.0 -18.0 0.0 0.0 0.0 0.0 0.0 0.0 0.0 0.0 0.0
-172.0 -5.0 17.0 0.0 0.0 0.0 0.0 -185.0 0.0 -23.0 0.0 0.0 0.0 0.0 24.0 -2.0 1.0 -5.0 -3.0 -7.0 26.0 0.0 0.0 0.0 0.0 0.0 0.0 0.0 0.0 0.0
-206.0 0.0 -15.0 9.0 -154.0 -55.0 49.0 0.0 -1.0 34.0 -36.0 -80.0 -55.0 0.0 0.0 0.0 1.0 -8.0 -2.0 -43.0 -8.0 -31.0 -7.0 0.0 0.0 0.0 0.0 0.0 0.0 0.0
-181.0 0.0 0.0 0.0 0.0 0.0 0.0 0.0 0.0 0.0 0.0 0.0 0.0 0.0 0.0 0.0 0.0 0.0 0.0 0.0 0.0 0.0 0.0 0.0 0.0 0.0 0.0 0.0 0.0 0.0
-178.0 -10.0 -62.0 23.0 38.0 68.0 452.0 0.0 0.0 21.0 -194.0 -3.0 0.0 -62.0 8.0 22.0 1.0 15.0 8.0 -10.0 10.0 -4.0 5.0 11.0 0.0 0.0 0.0 0.0 0.0 0.0
-206.0 0.0 -15.0 9.0 -154.0 -55.0 49.0 0.0 -1.0 34.0 -36.0 -80.0 -55.0 0.0 0.0 0.0 1.0 -8.0 -2.0 -43.0 -8.0 -31.0 -7.0 0.0 0.0 0.0 0.0 0.0 0.0 0.0
-181.0 0.0 0.0 0.0 0.0 0.0 0.0 0.0 0.0 0.0 0.0 0.0 0.0 0.0 0.0 0.0 0.0 0.0 0.0 0.0 0.0 0.0 0.0 0.0 0.0 0.0 0.0 0.0 0.0 0.0
-178.0 -10.0 -62.0 23.0 38.0 68.0 452.0 0.0 0.0 21.0 -194.0 -3.0 0.0 -62.0 8.0 22.0 1.0 15.0 8.0 -10.0 10.0 -4.0 5.0 11.0 0.0 0.0 0.0 0.0 0.0 0.0
-206.0 0.0 -15.0 9.0 -154.0 -55.0 49.0 0.0 -1.0 34.0 -36.0 -80.0 -55.0 0.0 0.0 0.0 1.0 -8.0 -2.0 -43.0 -8.0 -31.0 -7.0 0.0 0.0 0.0 0.0 0.0 0.0 0.0
-181.0 0.0 0.0 0.0 0.0 0.0 0.0 0.0 0.0 0.0 0.0 0.0 0.0 0.0 0.0 0.0 0.0 0.0 0.0 0.0 0.0 0.0 0.0 0.0 0.0 0.0 0.0 0.0 0.0 0.0
-178.0 -10.0 -62.0 23.0 38.0 68.0 452.0 0.0 0.0 21.0 -194.0 -3.0 0.0 -62.0 8.0 22.0 1.0 15.0 8.0 -10.0 10.0 -4.0 5.0 11.0 0.0 0.0 0.0 0.0 0.0 0.0
-178.0 -14.0 -68.0 -12.0 0.0 -88.0 -5.0 -124.0 28.0 37.0 0.0 0.0 0.0 -74.0 -11.0 -97.0 -20.0 1.0 0.0 0.0 0.0 0.0 0.0 0.0 0.0 0.0 0.0 0.0 0.0 0.0